40
8	3
9	5
9	6
10	0
10	2
13	5
13	6
13	9
14	0
14	3
15	0
16	14
17	1
17	6
17	9
17	13
18	15
19	1
19	7
20	8
20	16
20	18
21	18
22	17
24	14
24	15
24	18
25	17
26	1
26	25
27	1
27	7
27	17
27	25
27	26
28	1
28	8
28	20
29	10
29	18
29	21
29	24
30	7
30	19
30	28
31	17
32	9
32	13
33	12
33	14
33	16
33	21
34	14
34	33
35	29
36	1
36	20
36	23
37	8
37	14
37	16
37	21
37	33
37	34
37	36
38	14
38	16
38	20
38	33
39	36
0	0
1	1
2	2
3	3
4	4
5	5
6	6
7	7
8	8
9	9
10	10
11	11
12	12
13	13
14	14
15	15
16	16
17	17
18	18
19	19
20	20
21	21
22	22
23	23
24	24
25	25
26	26
27	27
28	28
29	29
30	30
31	31
32	32
33	33
34	34
35	35
36	36
37	37
38	38
39	39
