40	8
40	0
40	7
40	14
40	15
40	33
40	36
40	37
40	40

41	4
41	1
41	9
41	13
41	41

42	5
42	0
42	2
42	10
42	30
42	42

43	6
43	14
43	29
43	33
43	37
43	38
43	43

44	5
44	2
44	20
44	34
44	38
44	44

45	9
45	8
45	15
45	18
45	21
45	23
45	24
45	29
45	37
45	45

46	2
46	43
46	46

47	7
47	0
47	10
47	20
47	28
47	30
47	42
47	47

48	1
48	48

49	3
49	34
49	46
49	49

50	7
50	14
50	16
50	20
50	33
50	42
50	45
50	50

51	10
51	4
51	11
51	18
51	21
51	23
51	24
51	29
51	45
51	50
51	51

52	5
52	14
52	29
52	38
52	40
52	52

53	2
53	43
53	53

54	7
54	1
54	6
54	7
54	13
54	19
54	41
54	54

55	3
55	15
55	51
55	55

56	3
56	5
56	6
56	56

57	10
57	5
57	6
57	9
57	13
57	17
57	39
57	41
57	48
57	54
57	57

58	2
58	38
58	58

59	6
59	3
59	8
59	15
59	36
59	45
59	59

60	2
60	32
60	60

61	4
61	2
61	37
61	53
61	61

